86
78
42
83
96
29
22
52
88
66
74
42
87
52
36
59
69
65
51
54
78
39
41
76
47
70
46
40
71
57
85
48
61
51
62
51
88
69
48
55
89
53
89
85
34
34
50
86
56
58
49
46
65
24
54
97
69
42
32
60
70
74
23
96
42
49
50
36
42
92
32
74
49
22
28
87
33
53
51
78
88
24
94
58
71
27
87
51
65
77
77
76
44
51
60
26
73
62
45
47
93
93
94
46
32
33
25
40
80
64
50
52
63
90
90
74
95
52
40
53
45
82
80
61
41
92
93
59
100
91
100
37
57
98
43
27
54
83
59
73
42
48
28
80
67
34
30
49
42
95
24
64
96
95
66
94
73
86
70
72
25
55
83
51
97
20
66
39
72
61
30
38
40
53
79
92
77
69
29
58
25
35
33
35
96
40
69
61
78
57
78
93
62
28
30
40
63
53
52
47
34
82
31
55
69
30
86
26
30
100
67
97
82
31
67
29
47
93
47
83
77
65
31
79
64
60
78
37
20
78
34
96
67
84
25
83
59
57
96
75
40
92
64
58
28
96
24
37
61
70
92
61
70
69
77
24
91
85
30
86
89
79
20
45
24
59
25
30
75
90
70
42
43
89
76
53
34
29
59
47
22
50
47
74
77
48
51
46
28
60
87
65
98
20
93
66
53
81
65
100
39
51
94
68
62
33
79
49
42
82
94
96
49
54
43
21
91
94
52
67
25
85
57
70
77
45
89
83
36
36
24
60
91
72
89
25
89
60
75
90
34
60
57
82
93
71
87
47
40
47
85
65
78
43
97
48
71
31
77
77
93
65
50
93
89
42
90
61
38
87
94
40
83
61
78
28
27
39
56
35
34
74
100
37
30
22
84
39
21
22
66
41
44
90
82
84
94
86
44
28
41
91
106
97
169
106
140
86
194
40
77
64
119
177
78
68
106
149
120
183
151
111
99
146
167
140
168
175
84
71
52
194
81
88
186
198
162
79
86
126
107
90
191
152
74
109
125
111
190
115
99
129
173
124
72
181
154
144
45
141
47
114
179
128
53
186
117
139
182
67
137
87
149
47
190
89
71
115
158
92
171
167
168
80
182
60
135
150
107
136
121
55
95
61
155
124
85
171
89
200
63
86
128
124
160
106
71
69
153
44
136
121
134
194
144
160
55
168
168
41
160
140
182
110
67
199
123
52
172
183
104
196
64
45
89
103
153
191
78
133
181
156
150
47
62
73
118
198
83
110
44
138
199
140
127
71
65
129
116
145
122
147
96
158
65
129
187
66
173
124
64
47
61
84
198
183
194
105
116
152
118
91
166
133
149
60
76
196
122
154
200
77
67
121
146
128
68
159
167
120
132
127
62
45
155
162
161
194
48
151
69
108
64
68
123
69
173
151
116
160
52
189
64
194
172
158
180
117
130
200
112
184
117
100
68
122
165
157
47
87
121
115
171
117
81
118
67
133
62
166
119
196
163
197
126
87
181
177
77
90
73
159
128
58
99
119
66
179
194
131
159
170
131
197
195
84
42
121
139
188
176
83
125
200
176
194
157
91
130
159
57
63
181
137
188
53
198
81
59
42
228
349
361
131
374
107
365
254
375
266
334
175
105
262
160
246
391
307
299
392
206
116
395
170
158
378
112
96
162
395
261
175
337
256
291
343
384
199
206
244
319
94
292
357
247
300
298
133
231
377
104
280
137
80
224
116
257
210
139
346
238
362
277
376
125
281
372
265
342
110
309
378
285
339
151
225
120
265
369
103
121
83
218
240
83
116
260
187
246
355
294
376
332
167
168
329
378
247
167
266
85
113
93
320
90
329
211
271
183
112
343
209
180
103
218
198
187
115
260
143
80
298
241
341
374
223
280
242
289
199
302
141
341
293
321
347
338
328
146
101
256
144
390
365
155
90
260
110
262
297
161
370
301
221
227
95
271
400
151
321
259
328
159
109
131
356
244
180
360
228
253
270
258
144
211
121
97
349
324
218
384
391
217
87
299
243
186
320
367
112
327
97
88
316
372
296
178
340
308
269
293
205
387
120
89
232
97
369
209
349
140
292
106
330
271
248
184
186
356
189
129
98
260
175
194
305
301
246
132
106
140
322
161
377
295
196
333
252
195
327
91
359
309
274
133
216
264
288
316
233
238
377
80
391
82
94
312
239
109
233
183
90
225
185
197
320
82
307
307
326
123
122
195
257
254
144
185
346
218
167
295
187
311
400
247
228
300
279
114
392
208
119
230
203
374
226
354
261
396
383
431
391
405
224
465
209
472
461
442
595
327
318
151
246
174
689
287
629
696
200
351
442
384
374
486
171
190
302
299
555
153
438
586
277
410
697
168
248
516
284
394
561
541
315
459
579
268
294
583
202
566
229
334
592
545
334
244
628
636
531
417
578
463
682
457
679
620
314
391
306
383
192
586
152
288
559
259
570
601
681
370
186
587
365
270
457
520
531
343
406
517
264
622
172
233
193
423
264
243
646
652
620
172
499
693
186
639
167
406
250
261
306
259
635
567
282
565
602
492
462
302
300
600
330
494
520
616
325
649
367
207
304
539
357
358
373
362
352
493
458
377
274
569
510
301
262
545
522
301
516
281
251
554
301
502
271
690
355
687
284
330
616
382
238
489
362
506
683
414
593
446
391
619
205
260
631
163
155
690
319
696
279
240
198
488
318
404
611
474
592
677
447
170
579
355
431
344
462
198
274
227
420
444
485
553
293
165
697
595
371
421
697
351
521
493
370
597
315
600
353
698
205
514
437
217
669
473
459
414
700
605
526
158
388
304
641
196
445
410
654
666
549
331
617
575
244
536
199
425
267
541
505
555
329
432
178
661
644
277
298
395
421
251
550
336
647
522
298
200
408
336
549
160
601
279
481
220
201
169
185
182
502
541
207
419
521
695
663
251
172
627
155
501
611
238
235
576
183
403
536
